1,0.153,1367596857,user_group-1,0.148688,,{}
2,0.248,1367596857,user_group-1,0.094110,,{}
3,0.327,1367596857,user_group-1,0.078844,,{}
4,0.556,1367596857,user_group-1,0.229452,,{}
5,0.628,1367596857,user_group-1,0.071428,,{}
6,0.706,1367596857,user_group-1,0.077513,,{}
7,0.779,1367596857,user_group-1,0.072854,,{}
8,0.855,1367596857,user_group-1,0.076163,,{}
9,0.931,1367596857,user_group-1,0.075622,,{}
10,1.040,1367596857,user_group-1,0.108694,,{}
