1,0.097,1367595864,user_group-1,0.091891,,{}
2,0.164,1367595864,user_group-1,0.066378,,{}
3,0.234,1367595864,user_group-1,0.069677,,{}
4,0.321,1367595864,user_group-1,0.087096,,{}
5,0.550,1367595864,user_group-1,0.228820,,{}
6,0.617,1367595864,user_group-1,0.066936,,{}
7,0.683,1367595864,user_group-1,0.066175,,{}
8,0.759,1367595864,user_group-1,0.075801,,{}
9,0.832,1367595864,user_group-1,0.072674,,{}
10,0.926,1367595864,user_group-1,0.094338,,{}
11,1.064,1367595864,user_group-1,0.137667,,{}
