1,0.120,1367556843,user_group-1,0.115665,,{}
2,0.224,1367556843,user_group-1,0.103388,,{}
3,0.316,1367556843,user_group-1,0.091997,,{}
4,0.437,1367556843,user_group-1,0.120596,,{}
5,0.547,1367556843,user_group-1,0.110174,,{}
6,0.644,1367556843,user_group-1,0.096282,,{}
7,0.731,1367556843,user_group-1,0.087375,,{}
8,0.816,1367556843,user_group-1,0.085317,,{}
9,0.948,1367556843,user_group-1,0.131334,,{}
10,1.062,1367556844,user_group-1,0.113681,,{}
